I_150_30_S_1-124_4.txt
Cmax: 383.0  (ratio to LB: 19.810)
solution: [[3, 23, 52, 19, 146, 1, 131], [58, 122, 89, 57, 100, 65, 91, 118], [98, 106, 80, 54, 78, 109, 117], [41, 130, 38, 25], [35, 137, 62, 37, 75, 4], [83, 139, 128, 90, 27], [26, 123, 61, 92], [134, 53, 96, 127, 49, 64, 43], [114, 12, 115, 48, 147], [88, 2, 40, 63, 86, 101, 81], [133, 50, 129, 82], [66, 121, 124, 69, 22, 15, 71], [93, 111, 21, 28], [85, 34, 5, 132, 56], [20, 95, 74, 42, 135], [103, 39, 148], [44, 116, 16, 11], [29, 47, 73, 113, 33, 51, 8, 149], [94, 7, 59, 32], [145, 9, 107, 30, 76, 70], [13, 119, 97], [108, 110, 14], [24, 6, 55], [87, 45, 99, 126, 79], [140, 77, 104], [67, 31, 143], [0, 141, 144, 46, 18], [84, 10, 105, 102, 138, 72, 68], [17, 120, 142, 112, 60], [36, 136, 125]]
I_150_30_S_1-99_2.txt
Cmax: 331.0  (ratio to LB: 16.831)
solution: [[87, 26, 139, 77, 9, 30, 76], [122, 134, 120, 93, 38, 110, 92], [141, 80, 41, 29, 24, 36, 64, 31], [57, 100, 7, 8, 143], [0, 11, 71], [66, 114, 37, 60, 72], [65, 45, 62, 136, 70, 55], [3, 106, 144, 102, 115, 18], [124, 99, 132, 97], [58, 140, 128, 1, 86], [53, 13, 50, 49, 125], [137, 20, 78, 67, 46, 147], [130, 145, 25, 82, 68], [98, 121, 59, 69, 61], [17, 96, 149], [21, 75], [74, 73, 5, 63, 27], [47, 85, 40, 103, 118, 51, 15, 148], [52, 105, 108, 32], [94, 109, 12, 33, 79, 6], [19, 127, 91, 142, 104], [111, 138, 135, 101], [44, 42, 117, 56], [95, 10, 107, 14, 4], [35, 133, 129, 112], [83, 116], [84, 89, 22, 119, 48], [23, 34, 146, 113, 28], [88, 2, 54, 123, 126, 131, 43], [16, 39, 90, 81]]
I_150_30_S_1-9_10.txt
Cmax: 200.0  (ratio to LB: 10.772)
solution: [[140, 106, 87, 120, 133, 121, 47, 113, 127, 82], [122, 17, 78, 114, 102, 124, 50, 42, 116, 61, 136, 27, 56], [2, 83, 94, 53, 22, 15, 4], [52, 74, 146, 16, 143], [98, 108, 38, 68], [95, 128, 111, 96, 21, 142, 32], [24, 110, 64, 39, 81], [35, 57, 34, 126, 135, 119, 8], [45, 105, 36, 92, 112, 76], [58, 84, 80, 100, 77, 19, 75, 18], [41, 93, 11, 149], [3, 89, 59, 14], [145, 33, 79, 90, 28, 6, 97], [26, 73, 51, 55], [23, 13, 9, 69, 101, 70], [117], [85, 12, 48], [66, 7, 118, 103, 99, 86, 147], [134, 10, 91, 49, 125], [139, 29, 46, 115, 72], [138, 63, 71], [1, 104], [109, 62], [137, 54, 123, 30], [88, 0, 130], [144, 44, 25, 31, 60], [20, 5], [67, 40, 107, 132], [141, 65, 37, 148, 43], [129, 131]]
I_150_30_S_1-9_2.txt
Cmax: 179.0  (ratio to LB: 8.832)
solution: [[140, 17, 120, 7, 65, 24, 82], [88, 0, 58, 84, 23, 20, 41, 130, 73, 127, 46], [122, 3, 2, 94, 10, 12, 62, 143], [106, 145, 67, 25, 5, 14], [144, 66, 102], [54, 121, 36], [123, 116, 11, 117, 104, 4, 71], [89, 83, 77, 115, 119, 30], [44, 13, 49, 79, 31], [35, 98, 95, 146, 142, 28, 60], [26, 108, 109, 32], [57, 96, 6], [78, 9, 105, 110, 75, 72, 70], [128, 126, 101, 81], [139, 38, 138], [8], [133, 114, 129, 16, 51, 148], [52, 45, 135, 136, 149], [53, 50, 33, 39, 76], [80, 19, 69, 37, 27], [61, 43], [42, 18], [91, 99, 64, 92, 147], [137, 141, 34, 124, 107, 59, 103, 56], [134, 40, 90, 68], [93, 132, 63, 86, 55], [87, 29, 113, 22, 125], [100, 47, 111, 131, 112], [85, 74, 118, 21, 1], [15, 48, 97]]
I_200_10_S_1-99_6.txt
Cmax: 1416.0  (ratio to LB: 8.339)
solution: [[128, 188, 73, 191, 40, 24, 163, 121, 31, 196, 179, 116, 146, 82, 71, 85, 61, 33, 32, 166, 63, 11, 25, 68], [59, 137, 27, 155, 106, 150, 65, 99, 45, 46, 92, 86, 96, 20, 170, 101, 60, 75, 159, 0, 136, 157, 12, 119, 186, 6, 81, 113], [162, 164, 178, 134, 169, 192, 180, 53, 114, 156, 89, 67, 19, 70, 144, 16, 94, 87, 142, 7, 103], [184, 3, 52, 80, 167, 133, 39, 189, 8, 175, 98, 174, 21, 120, 129, 97, 30], [41, 93, 105, 13, 35, 83, 36, 14, 107, 130, 123, 37, 125, 64, 29, 199], [17, 84, 58, 131, 158, 190, 78, 152, 48, 139, 153, 104, 149, 23, 18, 90, 100, 140, 22, 171, 187], [88, 95, 66, 151, 10, 69, 141, 44, 115, 15, 138, 43, 145, 55, 28, 54, 168], [1, 57, 197, 182, 126, 91, 62, 117, 56, 111, 143, 38, 108, 124, 135, 160, 49, 195, 112, 76, 176, 5], [47, 185, 177, 77, 127, 26, 148, 118, 50, 34, 198, 109, 181, 147, 194], [2, 4, 165, 51, 42, 74, 79, 110, 154, 193, 102, 122, 183, 9, 132, 173, 172, 161, 72]]
I_200_10_S_1-9_10.txt
Cmax: 812.0  (ratio to LB: 4.199)
solution: [[128, 17, 190, 191, 78, 189, 175, 46, 21, 36, 107, 170, 23, 49, 71, 160, 129, 130, 145, 12, 100, 11, 176, 171, 199], [169, 73, 95, 192, 66, 79, 131, 74, 105, 182, 77, 44, 62, 26, 150, 115, 163, 139, 31, 104, 121, 179, 20, 96, 124, 144, 60, 132, 87, 136, 109, 97, 33, 161, 30, 186, 194, 29, 28, 168, 5], [162, 2, 52, 47, 51, 42, 110, 126, 69, 137, 156, 13, 56, 143, 122, 149, 19, 135, 108, 94, 90, 61, 147, 54], [57, 88, 178, 188, 3, 158, 180, 127, 152, 89, 67, 98, 153, 198, 120, 18, 32], [185, 58, 148, 35, 118, 65, 45, 34, 92, 9, 101, 85, 7, 64, 72], [167, 10, 177, 27, 53, 193, 106, 99, 86, 16, 195, 157, 119, 6, 68], [4, 133, 80, 114, 141, 48, 83, 196, 116, 138, 82, 75, 125, 63, 81, 113], [134, 165, 41, 59, 40, 8, 174, 70, 38, 43, 159, 37, 181, 140, 22], [93, 151, 84, 154, 91, 155, 24, 111, 15, 14, 123, 112, 142, 76, 25, 187], [1, 184, 164, 197, 39, 117, 50, 102, 183, 146, 173, 55, 172, 0, 166, 103]]
I_50_30_S_1-49_8.txt
Cmax: 96.0  (ratio to LB: 17.143)
solution: [[3, 23, 41, 33, 31], [26, 7, 22, 16], [17, 20, 49], [19, 27], [], [37], [47, 39], [0, 35], [], [44, 4], [34], [13, 42, 32], [21, 15], [36, 6], [48], [], [10, 30], [45, 25, 8], [5, 18], [24], [], [28], [], [29, 14], [2, 9], [12], [40], [38], [46, 1], [11, 43]]
I_50_30_S_1-49_9.txt
Cmax: 88.0  (ratio to LB: 12.816)
solution: [[2, 19, 14], [17, 24, 37], [35, 23, 33], [4], [44], [1], [42], [3, 0, 46], [12], [20], [22], [34, 13], [40], [49, 27], [5], [], [21, 31, 6], [41, 11], [29, 10, 38], [45], [15], [48, 28, 43], [30], [9], [7, 39], [47, 8], [16, 18], [25], [26, 32], [36]]
I_50_30_S_1-9_5.txt
Cmax: 69.0  (ratio to LB: 12.035)
solution: [[0, 2, 10, 8, 14, 6], [17, 26, 45, 40], [3, 18, 4], [20], [], [], [12, 38], [9, 19, 32], [22], [31, 43], [16, 30], [36, 25], [11, 33], [35, 44], [27], [], [42, 39], [41, 7, 5, 13], [29, 34, 37], [46, 28], [], [], [15], [23], [47, 48], [49], [], [], [24, 21], [1]]
I_50_30_S_1-9_6.txt
Cmax: 70.0  (ratio to LB: 11.538)
solution: [[0, 10, 39], [41, 45, 1, 30], [3, 37, 32], [8], [19], [], [33, 28, 27], [2, 5, 14], [36], [23, 44, 12], [26], [35, 20, 7], [21], [47, 49], [4], [], [13, 6], [40, 24, 31], [29, 25, 16, 15], [17, 34, 11, 42], [], [], [], [22, 46, 43], [], [38], [48], [], [9], [18]]
I_6_2_S_1-49_3.txt
Cmax: 173.0  (ratio to LB: 1.301)
solution: [[2, 0, 5], [1, 4, 3]]
I_6_2_S_1-9_1.txt
Cmax: 79.0  (ratio to LB: 1.386)
solution: [[3, 2, 5], [1, 4, 0]]
I_6_2_S_1-9_2.txt
Cmax: 159.0  (ratio to LB: 1.191)
solution: [[3, 0, 5], [1, 4, 2]]
I_6_3_S_1-124_3.txt
Cmax: 127.0  (ratio to LB: 1.716)
solution: [[3], [1, 2, 5], [4, 0]]
I_6_3_S_1-9_5.txt
Cmax: 100.0  (ratio to LB: 1.435)
solution: [[2], [1, 0, 5], [4, 3]]
